90
75
135
192
255
315
375
446
519
578
640
707
782
829
910
977
1041
1106
1171
1206
1236
1314
1359
1392
1433
1483
1523
1559
1615
1655
1694
1755
1807
1859
1894
1930
1967
1998
2020
2052
2074
2100
2112
2158
2197
2199
2209
2229
2247
2253
2251
2267
2265
2289
2262
2226
2205
2174
2113
2059
2021
1978
1924
1862
1780
1684
1590
1505
1417
1304
1187
1063
934
767
588
413
253
93
1
0
0
9
36
25
51
77
100
120
124
112
84
61
25
0
0
0
9
0
6
0
1
1
0
0
8
20
33
40
55
66
37
21
2
0
0
1
0
9
1
20
18
31
34
40
40
23
17
0
0
10
11
21
23
29
38
56
71
67
55
50
37
50
47
73
85
115
149
163
139
101
59
28
14
0
0
0
0
1
29
48
79
109
131
145
190
228
256
271
296
310
332
311
270
235
229
198
139
87
25
1
0
28
53
85
111
153
194
235
258
300
324
335
369
383
377
364
368
366
371
386
390
375
388
385
366
364
363
372
374
379
365
377
370
329
307
278
254
245
225
190
164
159
149
164
172
169
161
178
191
203
225
228
233
204
173
157
133
99
53
1
1
2
0
5
12
0
0
0
1
2
0
2
12
32
51
59
65
77
57
0
0
1
0
4
12
3
0
21
21
17
19
4
0
0
0
9
25
33
49
39
21
1
0
5
7
13
5
0
0
4
0
1
3
0
0
0
3
0
6
3
0
0
10
10
8
6
3
1
3
3
0
0
1
0
0
2
0
0
0
3
1
1
8
0
0
21
44
70
103
132
152
172
173
185
193
204
187
148
77
22
1
1
2
1
12
11
6
0
0
1
0
6
8
12
14
11
11
4
1
11
8
11
2
0
0
1
3
6
7
7
1
49
88
92
118
103
79
61
42
11
0
0
0
0
0
0
2
4
0
0
0
0
4
5
0
1
0
6
10
21
32
42
44
49
53
56
61
64
69
62
37
30
24
21
14
3
0
10
14
22
23
27
30
35
40
47
42
16
1
1
9
8
6
0
1
14
19
20
30
28
6
0
0
0
0
0
1
0
0
2
12
23
35
47
60
67
72
100
94
80
68
51
42
32
17
0
0
0
1
1
3
3
5
11
20
25
24
8
13
9
0
1
5
6
11
15
20
26
34
38
24
0
0
5
12
12
16
18
26
31
37
47
57
64
74
72
63
48
5
1
4
14
2
1
0
0
0
1
0
0
6
9
15
19
24
30
33
37
23
2
0
0
7
23
45
55
68
86
99
102
101
88
62
30
6
0
0
4
15
13
0
0
23
47
73
92
120
140
152
173
193
210
222
223
225
210
201
193
185
185
162
133
83
36
1
0
0
0
8
0
0
0
16
21
25
25
29
33
37
43
46
55
53
46
35
4
1
8
6
0
1
0
1
15
26
44
59
78
96
97
85
66
35
2
1
0
0
13
24
44
68
98
121
157
176
219
251
275
281
248
219
192
189
191
183
171
195
194
212
237
256
255
236
171
110
29
0
0
0
20
41
63
83
85
88
88
94
98
98
85
61
31
0
0
0
0
7
1
0
10
17
30
56
73
93
94
85
81
76
71
73
72
70
73
76
75
74
68
80
95
60
41
10
0
1
3
11
0
1
1
0
4
0
1
22
51
66
82
73
51
12
0
0
0
1
3
8
14
14
1
1
18
34
30
17
1
0
1
6
1
4
6
9
10
8
12
21
34
42
62
87
112
136
163
186
209
212
217
251
263
283
284
291
293
306
306
296
313
315
316
322
313
274
239
195
131
62
1
1
0
11
15
16
0
44
62
83
102
120
133
124
114
107
91
55
17
0
1
24
38
56
80
93
92
93
102
118
145
178
194
217
220
206
177
141
102
78
45
14
1
1
11
17
19
25
17
2
1
0
0
8
0
1
1
10
0
0
0
0
0
27
61
75
98
68
43
27
8
0
0
0
2
0
0
12
8
0
0
0
1
1
0
1
5
0
0
21
23
17
6
0
1
1
7
12
20
37
48
61
69
85
94
102
108
119
129
137
131
115
106
89
80
69
42
0
1
0
0
11
20
26
30
38
49
60
63
74
82
85
103
126
144
161
181
202
223
236
231
241
260
238
212
192
176
163
153
134
97
49
0
1
4
7
9
11
12
12
14
3
1
26
41
69
75
82
107
90
55
42
22
1
1
2
0
2
23
22
50
63
70
82
89
99
105
106
128
141
150
155
176
191
208
222
231
219
190
160
136
105
77
51
34
6
0
0
0
4
1
10
4
1
24
52
73
69
45
27
19
10
1
1
3
13
23
34
20
9
1
0
0
